    1    60
    2   120
    3   180
    4   240
    5   300
    6   360
    7   420
    8   480
    9   540
   10   600
   11   660
   12   720
   13   780
   14   840
   15   900
   16   960
   17  1020
   18  1080
   19  1140
   20  1200
   21  1260
   22  1320
   23  1380
   24  1440
   25  1500
   26  1560
   27  1620
   28  1680
   29  1740
   30  1800
   31  1860
   32  1920
   33  1980
   34  2040
   35  2100
   36  2160
   37  2220
   38  2280
   39  2340
   40  2400
   41  2460
   42  2520
   43  2580
   44  2640
   45  2700
   46  2760
   47  2820
   48  2880
   49  2940
   50  3000
   51  3060
   52  3120
   53  3180
   54  3240
   55  3300
   56  3360
   57  3420
   58  3480
   59  3540
   60  3600
   61  3660
   62  3720
   63  3780
   64  3840
   65  3900
   66  3960
   67  4020
   68  4080
   69  4140
   70  4200
   71  4260
   72  4320
   73  4380
   74  4440
   75  4500
   76  4560
   77  4620
   78  4680
   79  4740
   80  4800
   81  4860
   82  4920
   83  4980
   84  5040
   85  5100
   86  5160
   87  5220
   88  5280
   89  5340
   90  5400
   91  5460
   92  5520
   93  5580
   94  5640
   95  5700
   96  5760
   97  5820
   98  5880
   99  5940
  100  6000
  101  6060
  102  6120
  103  6180
  104  6240
  105  6300
  106  6360
  107  6420
  108  6480
  109  6540
  110  6600
  111  6660
  112  6720
  113  6780
  114  6840
  115  6900
  116  6960
  117  7020
  118  7080
  119  7140
  120  7200
  121  7260
  122  7320
  123  7380
  124  7440
  125  7500
  126  7560
  127  7620
  128  7680
  129  7740
  130  7800
  131  7860
  132  7920
  133  7980
  134  8040
  135  8100
  136  8160
  137  8220
  138  8280
  139  8340
  140  8400
  141  8460
  142  8520
  143  8580
  144  8640
  145  8700
  146  8760
  147  8820
  148  8880
  149  8940
  150  9000
  151  9060
  152  9120
  153  9180
  154  9240
  155  9300
  156  9360
  157  9420
  158  9480
  159  9540
  160  9600
  161  9660
  162  9720
  163  9780
  164  9840
  165  9900
  166  9960
  167 10020
  168 10080
  169 10140
  170 10200
  171 10260
  172 10320
  173 10380
  174 10440
  175 10500
  176 10560
  177 10620
  178 10680
  179 10740
  180 10800
  181 10860
  182 10920
  183 10980
  184 11040
  185 11100
  186 11160
  187 11220
  188 11280
  189 11340
  190 11400
  191 11460
  192 11520
  193 11580
  194 11640
  195 11700
  196 11760
  197 11820
  198 11880
  199 11940
  200 12000
  201 12060
  202 12120
  203 12180
  204 12240
  205 12300
  206 12360
  207 12420
  208 12480
  209 12540
  210 12600
  211 12660
  212 12720
  213 12780
  214 12840
  215 12900
  216 12960
  217 13020
  218 13080
  219 13140
  220 13200
